92 32 1 1
0   : 	0 0 	| 15 14
1   : 	15 0 	| 14 14
2   : 	29 0  	| 16 5
3   : 	45 0	| 16 16
4   :	61 0  	| 15 14
5   :	76 0	| 10 15
6   : 	86 0	| 14 16
7   :	100 0	| 11 11
8   :	111 0	| 13 16
9   :	124 0	| 11 11	
10 :	135 0	| 14 14
11 :	149 0	| 16 13
12 :	165 0	| 13 14
13 :	178 0	| 15 15
14 :	193 0	| 10 14
15 :	203 0	| 14 10
16 :	0, 17	| 14 11
17 :	14 17	| 12 10
18 :	26 17	| 14 14
19 :	40 17	| 13 14 
20 :	53 17	| 16 16
21 :	69 17	| 12 12
22 :	81 17	| 11 11
23 :	92 17	| 12 12
24 :	104 17	| 12 12
25 :	116 17	| 16 16
26 :	132 17	| 13 14