92 32 1 1
0   : 	0 0 	| 15 14
2   : 	15 0 	| 14 14
4   : 	29 0  	| 16 5
6   : 	45 0	| 16 16
8   :	61 0  	| 15 14
10 :	76 0	| 10 15
12 : 	86 0	| 14 16
14 :	100 0	| 11 11
16 :	111 0	| 13 16
18 :	124 0	| 11 11	
20 :	135 0	| 14 14
22 :	149 0	| 16 13
24 :	165 0	| 13 14
25 :	178 0	| 15 15
26 :	193 0	| 10 14
27 :	203 0	| 14 10
28 :	0, 17	| 14 11
29 :	14 17	| 12 10
30 :	26 17	| 14 14
31 :	40 17	| 13 14 
32 :	53 17	| 16 16
33 :	69 17	| 12 12
34 :	81 17	| 11 11
35 :	92 17	| 12 12
36 :	104 17	| 12 12
37 :	116 17	| 16 16
38 :	132 17	| 13 14
45 :	145 17	| 9 12
46 :	154 17	| 10 10
47 :	164 17	| 10 12
48 : 	174 17	| 16 15
49 : 	190 17	| 16 16
50 :	0 32	| 15 14
51 : 	15 32	| 16 16
52 :	31 32	| 16 16
53 : 	47 32	| 16 14
54 :	63 32	| 15 14
55 :	78 32 	| 14 12